=== ОТЧЕТ ПО ЛАБОРАТОРНОЙ РАБОТЕ: ЭФФЕКТ ЗЕЕМАНА ===
Дата: 2025-11-25 00:26:00.558930
Константы: d=0.004м, n=1.4567

--- ФАЙЛ: 0,5.jpg (I=0.5 A, B=0.0400 Тл) ---
Order  r_peaks (px)                   r^2                            delta      Delta      Valid
1      [46.9 98.5]                    [2200. 9706.]                  3752.97      14827.8    +
2      [130.9 156.3]                  [17126. 24436.]                3655.41      14457.68   +
3      [177.9 197. ]                  [31662. 38816.]                3577.19      14150.55   +
4      [214.2 230. ]                  [45888. 52890.]                3501.21      14030.73   +
5      [244.7 258.7]                  [59892. 66948.]                3528.01      13989.18   +
6      [271.9 284.4]                  [73934. 80884.]                3474.75      13539.66   +
7      [296.2 306.9]                  [87717. 94181.]                3231.87      13030.65   +
8      [317.2 327.7]                  [100586. 107373.]              3393.68      -          -
AVG delta/Delta = 0.25219 +/- 0.00595

--- ФАЙЛ: 0,8.jpg (I=0.8 A, B=0.0800 Тл) ---
Order  r_peaks (px)                   r^2                            delta      Delta      Valid
1      [42.3 51.9]                    [1786. 2696.]                  454.70      11040.48   +
2      [ 96.8 131.1]                  [ 9374. 17189.]                3907.63      14794.21   +
3      [156.4 178. ]                  [24462. 31689.]                3613.55      14329.94   +
4      [197.1 214.4]                  [38856. 45955.]                3549.04      14240.46   +
5      [230.4 245.4]                  [53074. 60218.]                3571.78      14124.29   +
6      [259.4 272.5]                  [67283. 74258.]                3487.69      13798.31   +
7      [284.9 296.6]                  [81168. 87970.]                3401.04      13287.5    +
8      [307.5 318.1]                  [ 94535. 101177.]              3320.78      13449.81   +
9      [328.5 338.6]                  [107934. 114678.]              3372.28      -          -
AVG delta/Delta = 0.23203 +/- 0.02957

--- ФАЙЛ: 1,1.jpg (I=1.1 A, B=0.1100 Тл) ---
Order  r_peaks (px)                   r^2                            delta      Delta      Valid
1      [38.6 54.6]                    [1493. 2982.]                  744.65      7485.86    +
2      [ 95.  102.1]                  [ 9021. 10425.]                702.03      10462.64   +
3      [128.3 154.6]                  [16464. 23908.]                3722.32      14853.96   +
4      [177.2 196.6]                  [31416. 38664.]                3623.72      14340.88   +
5      [214.1 230.1]                  [45827. 52934.]                3553.81      14256.29   +
6      [245.1 259.2]                  [60087. 67186.]                3549.51      13969.68   +
7      [272.3 284.7]                  [74136. 81077.]                3470.50      13662.22   +
8      [296.5 307.6]                  [87911. 94627.]                3357.81      13394.16   +
9      [318.3 328.7]                  [101303. 108023.]              3360.10      13329.57   +
10     [338.7 348.2]                  [114715. 121270.]              3277.22      -          -
AVG delta/Delta = 0.22534 +/- 0.03497

--- ФАЙЛ: 1,3.jpg (I=1.3 A, B=0.1300 Тл) ---
Order  r_peaks (px)                   r^2                            delta      Delta      Valid
1      [35.9 56.2]                    [1287. 3157.]                  934.84      7487.87    +
2      [ 93.9 103. ]                  [ 8819. 10600.]                890.38      7409.75    +
3      [127.5 134.1]                  [16258. 17980.]                861.07      10238.8    +
4      [153.7 176.3]                  [23633. 31084.]                3725.49      14722.56   +
5      [196.2 213.7]                  [38483. 45679.]                3597.97      14311.75   +
6      [229.8 244.9]                  [52801. 59984.]                3591.24      14194.2    +
7      [259.  272.2]                  [67085. 74088.]                3501.47      13870.87   +
8      [284.7 296.4]                  [81039. 87876.]                3418.30      13497.53   +
9      [307.6 318.3]                  [ 94603. 101307.]              3351.82      13278.85   +
10     [328.4 338.5]                  [107869. 114599.]              3364.84      72364.36   +
11     [348.  496.1]                  [121100. 246097.]              62498.44      -          -
AVG delta/Delta = 0.15017 +/- 0.05504

--- ФАЙЛ: 1,5.jpg (I=1.5 A, B=0.1500 Тл) ---
Order  r_peaks (px)                   r^2                            delta      Delta      Valid
1      [33.5 57.5]                    [1120. 3311.]                  1095.21      7485.72    +
2      [ 93.  103.7]                  [ 8642. 10760.]                1058.88      7418.83    +
3      [126.8 134.7]                  [16088. 18152.]                1031.64      7327.74    +
4      [153.1 159.5]                  [23445. 25451.]                1002.85      7274.6     +
5      [175.5 180.7]                  [30792. 32653.]                930.78      10158.37   +
6      [195.6 213.3]                  [38257. 45504.]                3623.41      14318.49   +
7      [229.4 244.5]                  [52642. 59756.]                3556.79      14261.24   +
8      [258.7 272. ]                  [66932. 73989.]                3528.20      13957.5    +
9      [284.6 296.4]                  [80988. 87848.]                3429.77      13523.93   +
10     [307.6 318.2]                  [ 94612. 101272.]              3330.06      13217.96   +
11     [328.5 338.3]                  [107904. 114415.]              3255.43      -          -
AVG delta/Delta = 0.20733 +/- 0.04261

--- ФАЙЛ: 1,7.jpg (I=1.7 A, B=0.1700 Тл) ---
Order  r_peaks (px)                   r^2                            delta      Delta      Valid
1      [33.8 58.7]                    [1142. 3447.]                  1152.27      7402.81    +
2      [ 92.1 104.4]                  [ 8485. 10909.]                1211.87      7412.56    +
3      [126.2 135.3]                  [15926. 18293.]                1183.40      7333.21    +
4      [152.6 160. ]                  [23298. 25588.]                1144.81      7260.96    +
5      [175.  181.1]                  [30616. 32791.]                1087.53      9982.38    +
6      [195. 213.]                    [38018. 45354.]                3668.10      14361.35   +
7      [229.1 244.1]                  [52487. 59608.]                3560.36      14251.36   +
8      [258.4 271.7]                  [66761. 73837.]                3538.02      14081.2    +
9      [284.4 296.4]                  [80911. 87849.]                3468.96      13603.77   +
10     [307.6 318.3]                  [ 94626. 101342.]              3357.94      78828.53   +
11     [328.4 495.7]                  [107857. 245768.]              68955.49      -          -
AVG delta/Delta = 0.13393 +/- 0.05753

--- ФАЙЛ: 1,9.jpg (I=1.9 A, B=0.1900 Тл) ---
Order  r_peaks (px)                   r^2                            delta      Delta      Valid
1      [23.5 59.7]                    [ 552. 3570.]                  1509.06      7640.47    +
2      [ 91.3 105.2]                  [ 8328. 11075.]                1373.66      7409.08    +
3      [125.6 135.8]                  [15768. 18453.]                1342.15      7326.74    +
4      [152.1 160.5]                  [23124. 25750.]                1312.73      7249.76    +
5      [174.4 181.5]                  [30424. 32950.]                1262.83      7249.1     +
6      [194.3 200.3]                  [37755. 40117.]                1180.73      7298.64    +
7      [212.4 217.6]                  [45126. 47343.]                1108.21      9639.61    +
8      [228.7 243.8]                  [52323. 59426.]                3551.36      14232.74   +
9      [258.  271.4]                  [66553. 73661.]                3554.13      14234.63   +
10     [284.3 296.4]                  [80828. 87855.]                3513.27      13784.22   +
11     [307.8 318.6]                  [ 94722. 101529.]              3403.44      78858.35   +
12     [328.7 495.9]                  [108027. 245941.]              68956.81      -          -
AVG delta/Delta = 0.13212 +/- 0.05695

--- ФАЙЛ: 2,1.jpg (I=2.1 A, B=0.2100 Тл) ---
Order  r_peaks (px)                   r^2                            delta      Delta      Valid
1      [17.2 31.3]                    [296. 977.]                    340.72      5305.95    +
2      [61.1 90.3]                    [3730. 8155.]                  2212.37      7478.08    +
3      [106.  124.9]                  [11234. 15607.]                2186.54      7368.11    +
4      [136.5 151.5]                  [18628. 22949.]                2160.73      7284.27    +
5      [160.9 173.9]                  [25901. 30244.]                2171.48      7247.9     +
6      [182.  193.7]                  [33111. 37530.]                2209.32      7271.62    +
7      [200.7 211.9]                  [40296. 44889.]                2296.60      7224.57    +
8      [218.  228.3]                  [47523. 52110.]                2293.66      7132.0     +
9      [233.8 243.4]                  [54678. 59220.]                2270.88      7070.03    +
10     [248.5 257.5]                  [61752. 66285.]                2266.44      13057.61   +
11     [271.  284.1]                  [73451. 80702.]                3625.90      14273.97   +
12     [296.5 307.9]                  [87912. 94789.]                3438.64      12679.95   +
13     [318.9 326.2]                  [101678. 106383.]              2352.77      -          -
AVG delta/Delta = 0.26571 +/- 0.03725

--- ФАЙЛ: 2,3.jpg (I=2.3 A, B=0.2300 Тл) ---
Order  r_peaks (px)                   r^2                            delta      Delta      Valid
1      [30.  47.4]                    [ 899. 2247.]                  673.99      4364.62    +
2      [62.1 89.5]                    [3858. 8017.]                  2079.81      7465.98    +
3      [106.6 124.3]                  [11357. 15450.]                2046.82      7343.28    +
4      [136.8 151. ]                  [18707. 22786.]                2039.78      7246.3     +
5      [161.1 173.3]                  [25956. 30030.]                2037.37      7193.04    +
6      [182. 193.]                    [33134. 37238.]                2052.16      7232.25    +
7      [200.7 211.1]                  [40264. 44573.]                2154.79      7240.6     +
8      [217.9 227.7]                  [47461. 51857.]                2197.71      7181.59    +
9      [233.8 242.9]                  [54665. 59016.]                2175.67      7097.68    +
10     [248.6 257.1]                  [61790. 66087.]                2148.49      13145.24   +
11     [270.6 284.5]                  [73209. 80958.]                3874.22      14402.45   +
12     [296.7 308.1]                  [88018. 94954.]                3467.70      12409.14   +
13     [319.1 325.5]                  [101852. 105938.]              2043.10      -          -
AVG delta/Delta = 0.26337 +/- 0.03801

--- ФАЙЛ: 2,5.jpg (I=2.5 A, B=0.2500 Тл) ---
Order  r_peaks (px)                   r^2                            delta      Delta      Valid
1      [ 4.5 29.4]                    [ 20. 865.]                    422.26      2635.33    +
2      [47.7 62.3]                    [2276. 3880.]                  802.04      6605.09    +
3      [ 89.1 106.9]                  [ 7946. 11421.]                1737.45      7401.39    +
4      [124.1 137. ]                  [15392. 18778.]                1692.96      7284.92    +
5      [150.7 161.3]                  [22716. 26023.]                1653.85      7206.49    +
6      [173.1 182.2]                  [29954. 33198.]                1621.67      7157.65    +
7      [192.7 200.8]                  [37143. 40325.]                1590.94      7269.09    +
8      [210.8 218.1]                  [44452. 47554.]                1550.83      7262.59    +
9      [227.5 234.1]                  [51736. 54794.]                1528.89      7162.79    +
10     [242.7 248.9]                  [58926. 61930.]                1502.04      9112.92    +
11     [256.9 270.3]                  [66005. 73077.]                3535.68      14896.16   +
12     [284.3 296.7]                  [80830. 88044.]                3607.14      14068.25   +
13     [308.2 319.4]                  [ 95016. 101995.]              3489.17      14219.89   +
14     [325.3 345.8]                  [105852. 119599.]              6873.43      -          -
AVG delta/Delta = 0.22029 +/- 0.04113

=== ИТОГ ===
Наклон (m): 2.33007 +/- 0.06975
Магнетон Бора: 3.9718e-23 +/- 1.1890e-24 Дж/Тл
Отклонение: 328.27%
